// MilkShape 3D ASCII

Frames: 30
Frame: 1

Meshes: 1
"mig-3" 1 0
186
33 0.000000 5.822917 6.072918 0.000000 0.000000 -1
33 -2.607143 4.561012 7.572918 0.000000 0.000000 -1
33 0.000000 7.049107 7.930060 0.000000 0.000000 -1
33 -1.678571 6.370536 10.001490 0.000000 0.000000 -1
33 0.000000 7.513393 10.108632 0.000000 0.000000 -1
33 -3.035714 4.049109 9.822918 0.000000 0.000000 -1
33 -0.011364 7.295861 16.680061 0.000000 0.000000 -1
33 -1.524351 5.958198 16.787203 0.000000 0.000000 -1
33 -2.892857 4.013393 16.858631 0.000000 0.000000 -1
33 -1.257143 5.727678 19.644346 0.000000 0.000000 -1
33 -2.214286 4.311012 19.977680 0.000000 0.000000 -1
1 0.000000 6.081845 23.394346 0.000000 0.000000 -1
1 0.000000 6.665178 19.977680 0.000000 0.000000 -1
33 0.000000 5.894345 3.852680 0.000000 0.000000 -1
33 -4.166667 4.061012 6.352680 0.000000 0.000000 -1
33 0.000000 5.311011 -5.647320 0.000000 0.000000 -1
33 -4.166667 3.894345 -5.730653 0.000000 0.000000 -1
33 -4.624999 -0.855655 -5.730653 0.000000 0.000000 -1
33 -4.625000 -0.855655 6.436014 0.000000 0.000000 -1
33 -4.354167 -2.605655 6.436014 0.000000 0.000000 -1
33 -4.854166 -2.668155 -5.730653 0.000000 0.000000 -1
33 -3.115178 -6.447322 -5.687500 0.000000 0.000000 -1
33 0.000000 -6.605655 0.602680 0.000000 0.000000 -1
33 -3.125000 -6.438989 0.602680 0.000000 0.000000 -1
33 0.000000 -6.613989 -5.708333 0.000000 0.000000 -1
33 -3.833333 3.336011 16.689587 0.000000 0.000000 -1
33 -2.125000 4.511011 20.981253 0.000000 0.000000 -1
1 0.000000 6.011011 24.539585 0.000000 0.000000 -1
33 -3.416667 2.577679 28.889589 0.000000 0.000000 -1
1 0.000000 5.661012 29.089588 0.000000 0.000000 -1
33 -2.958334 1.994345 32.489590 0.000000 0.000000 -1
33 -2.333333 2.211012 36.539593 0.000000 0.000000 -1
1 0.000000 5.361012 35.839588 0.000000 0.000000 -1
33 -3.375000 -0.488988 29.039589 0.000000 0.000000 -1
33 -2.500000 -0.038988 34.539589 0.000000 0.000000 -1
1 -4.718803 -5.333333 20.451763 0.000000 0.000000 -1
33 -1.250000 -3.122321 29.189589 0.000000 0.000000 -1
33 0.000000 -3.038988 36.939590 0.000000 0.000000 -1
33 -2.125000 -0.088988 36.789589 0.000000 0.000000 -1
1 0.000000 15.661012 42.739590 0.000000 0.000000 -1
33 -0.416666 15.411012 44.839588 0.000000 0.000000 -1
1 0.000000 16.211012 44.889587 0.000000 0.000000 -1
33 -1.083333 2.761012 44.989590 0.000000 0.000000 -1
33 -1.791667 2.161012 44.939587 0.000000 0.000000 -1
33 -1.875000 1.211012 44.939587 0.000000 0.000000 -1
33 0.000000 -0.888988 44.989586 0.000000 0.000000 -1
1 0.000000 12.861012 48.539585 0.000000 0.000000 -1
1 0.000000 7.911013 50.839584 0.000000 0.000000 -1
1 0.000000 2.611012 51.089584 0.000000 0.000000 -1
1 -17.275621 1.850000 44.023731 0.000000 0.000000 -1
1 -18.067287 1.450000 43.023731 0.000000 0.000000 -1
1 -18.067287 1.500000 44.232063 0.000000 0.000000 -1
1 -17.858953 1.599999 45.273731 0.000000 0.000000 -1
1 -8.233953 1.450000 37.357063 0.000000 0.000000 -1
33 -8.192287 2.000000 43.857063 0.000000 0.000000 -1
1 -10.942287 1.700000 48.065399 0.000000 0.000000 -1
1 -3.108954 1.849999 48.482063 0.000000 0.000000 -1
1 -17.333334 1.111012 43.839584 0.000000 0.000000 -1
33 -7.942287 0.799999 43.898731 0.000000 0.000000 -1
33 -4.468803 -2.958333 11.118430 0.000000 0.000000 -1
1 -8.718802 -6.749999 18.055931 0.000000 0.000000 -1
33 -4.416667 -6.675351 11.184666 0.000000 0.000000 -1
33 0.000000 -3.862851 29.247166 0.000000 0.000000 -1
33 -7.135469 -4.375000 10.285097 0.000000 0.000000 -1
33 -6.302136 -4.125000 4.368431 0.000000 0.000000 -1
33 -5.614635 -4.250000 -6.131569 0.000000 0.000000 -1
33 0.000000 -8.475351 1.609666 0.000000 0.000000 -1
33 -2.035715 -8.189636 1.859666 0.000000 0.000000 -1
33 0.000000 -8.350351 12.359666 0.000000 0.000000 -1
33 -2.642857 -7.537851 11.984666 0.000000 0.000000 -1
33 0.000000 -6.412851 20.234665 0.000000 0.000000 -1
33 -3.642856 -6.100351 20.172165 0.000000 0.000000 -1
33 0.000000 5.324648 -10.240337 0.000000 0.000000 -1
33 -3.785714 3.891315 -9.690338 0.000000 0.000000 -1
33 -4.648809 -2.625352 -9.690338 0.000000 0.000000 -1
33 -2.928571 -4.800351 -9.690334 0.000000 0.000000 -1
1 -5.625000 -4.300351 -8.065334 0.000000 0.000000 -1
33 0.000000 -5.725352 -9.690338 0.000000 0.000000 -1
33 -4.208333 -5.675351 -6.127834 0.000000 0.000000 -1
33 -6.000000 -5.950352 0.109663 0.000000 0.000000 -1
1 -16.739635 -6.375000 -6.589903 0.000000 0.000000 -1
33 -16.489635 -5.187500 -4.756569 0.000000 0.000000 -1
33 -16.989635 -5.687500 9.576764 0.000000 0.000000 -1
1 -17.406301 -6.562500 14.410097 0.000000 0.000000 -1
33 -27.697968 -5.125000 7.514264 0.000000 0.000000 -1
1 -27.885468 -5.625000 11.701764 0.000000 0.000000 -1
33 -27.697968 -5.000000 -3.923236 0.000000 0.000000 -1
1 -27.697968 -5.750000 -5.173236 0.000000 0.000000 -1
1 -45.822968 -4.250000 -2.485736 0.000000 0.000000 -1
33 -45.760468 -3.750000 -1.485736 0.000000 0.000000 -1
33 -45.697968 -4.000000 4.826764 0.000000 0.000000 -1
1 -45.822968 -4.500000 6.451764 0.000000 0.000000 -1
1 -49.635468 -3.750000 0.076764 0.000000 0.000000 -1
1 -49.635468 -3.875000 2.764264 0.000000 0.000000 -1
33 -16.635468 -6.781250 0.076764 0.000000 0.000000 -1
33 -27.760468 -6.041667 0.201764 0.000000 0.000000 -1
33 -45.885468 -4.625000 -0.048236 0.000000 0.000000 -1
33 0.000000 4.023755 -21.238255 0.000000 0.000000 -1
33 -2.718750 3.044588 -21.279922 0.000000 0.000000 -1
33 -3.589290 -2.392911 -18.529922 0.000000 0.000000 -1
33 -2.932704 -3.559578 -18.529922 0.000000 0.000000 -1
33 0.000000 -4.434578 -18.571589 0.000000 0.000000 -1
33 0.000000 -3.142912 -24.196589 0.000000 0.000000 -1
33 -2.328327 -2.122078 -24.238256 0.000000 0.000000 -1
33 -2.687500 0.023755 -24.404922 0.000000 0.000000 -1
33 -2.406250 1.721672 -24.363256 0.000000 0.000000 -1
33 0.000000 2.898755 -24.488256 0.000000 0.000000 -1
33 0.000000 0.023755 -30.113256 0.000000 0.000000 -1
1 2.607143 4.561012 7.572918 0.000000 0.000000 -1
1 1.678571 6.370536 10.001490 0.000000 0.000000 -1
1 3.035714 4.049109 9.822918 0.000000 0.000000 -1
1 0.011364 7.295861 16.680061 0.000000 0.000000 -1
1 1.524351 5.958198 16.787203 0.000000 0.000000 -1
1 2.892857 4.013393 16.858631 0.000000 0.000000 -1
1 1.257143 5.727678 19.644346 0.000000 0.000000 -1
1 2.214286 4.311012 19.977680 0.000000 0.000000 -1
1 4.166667 4.061012 6.352680 0.000000 0.000000 -1
1 4.166667 3.894345 -5.730653 0.000000 0.000000 -1
1 4.624999 -0.855655 -5.730653 0.000000 0.000000 -1
1 4.625000 -0.855655 6.436014 0.000000 0.000000 -1
1 4.854166 -2.668155 -5.730653 0.000000 0.000000 -1
1 4.354167 -2.605655 6.436014 0.000000 0.000000 -1
1 3.125000 -6.438989 0.602680 0.000000 0.000000 -1
1 3.115178 -6.447322 -5.687500 0.000000 0.000000 -1
1 3.833333 3.336011 16.689587 0.000000 0.000000 -1
1 2.125000 4.511011 20.981253 0.000000 0.000000 -1
1 3.416667 2.577679 28.889589 0.000000 0.000000 -1
1 2.333333 2.211012 36.539593 0.000000 0.000000 -1
1 2.958334 1.994345 32.489590 0.000000 0.000000 -1
1 3.375000 -0.488988 29.039589 0.000000 0.000000 -1
1 2.500000 -0.038988 34.539589 0.000000 0.000000 -1
1 4.718803 -5.333333 20.451763 0.000000 0.000000 -1
1 1.250000 -3.122321 29.189589 0.000000 0.000000 -1
1 2.125000 -0.088988 36.789589 0.000000 0.000000 -1
1 0.416666 15.411012 44.839588 0.000000 0.000000 -1
1 1.083333 2.761012 44.989590 0.000000 0.000000 -1
1 1.791667 2.161012 44.939587 0.000000 0.000000 -1
1 1.875000 1.211012 44.939587 0.000000 0.000000 -1
1 18.067287 1.500000 44.232063 0.000000 0.000000 -1
1 18.067287 1.450000 43.023731 0.000000 0.000000 -1
1 17.275621 1.850000 44.023731 0.000000 0.000000 -1
1 17.858953 1.599999 45.273731 0.000000 0.000000 -1
1 8.233953 1.450000 37.357063 0.000000 0.000000 -1
1 8.192287 2.000000 43.857063 0.000000 0.000000 -1
1 10.942287 1.700000 48.065399 0.000000 0.000000 -1
1 3.108954 1.849999 48.482063 0.000000 0.000000 -1
1 17.333334 1.111012 43.839584 0.000000 0.000000 -1
1 7.942287 0.799999 43.898731 0.000000 0.000000 -1
1 8.718802 -6.749999 18.055931 0.000000 0.000000 -1
1 4.468803 -2.958333 11.118430 0.000000 0.000000 -1
1 4.416667 -6.675351 11.184666 0.000000 0.000000 -1
1 7.135469 -4.375000 10.285097 0.000000 0.000000 -1
1 6.302136 -4.125000 4.368431 0.000000 0.000000 -1
1 5.614635 -4.250000 -6.131569 0.000000 0.000000 -1
1 2.035715 -8.189636 1.859666 0.000000 0.000000 -1
1 2.642857 -7.537851 11.984666 0.000000 0.000000 -1
1 3.642856 -6.100351 20.172165 0.000000 0.000000 -1
1 3.785714 3.891315 -9.690338 0.000000 0.000000 -1
1 4.648809 -2.625352 -9.690338 0.000000 0.000000 -1
1 2.928571 -4.800351 -9.690334 0.000000 0.000000 -1
1 5.625000 -4.300351 -8.065334 0.000000 0.000000 -1
1 4.208333 -5.675351 -6.127834 0.000000 0.000000 -1
1 6.000000 -5.950352 0.109663 0.000000 0.000000 -1
1 16.489635 -5.187500 -4.756569 0.000000 0.000000 -1
1 16.739635 -6.375000 -6.589903 0.000000 0.000000 -1
1 16.989635 -5.687500 9.576764 0.000000 0.000000 -1
1 17.406301 -6.562500 14.410097 0.000000 0.000000 -1
1 27.885468 -5.625000 11.701764 0.000000 0.000000 -1
1 27.697968 -5.125000 7.514264 0.000000 0.000000 -1
1 27.697968 -5.000000 -3.923236 0.000000 0.000000 -1
1 27.697968 -5.750000 -5.173236 0.000000 0.000000 -1
1 45.760468 -3.750000 -1.485736 0.000000 0.000000 -1
1 45.822968 -4.250000 -2.485736 0.000000 0.000000 -1
1 45.697968 -4.000000 4.826764 0.000000 0.000000 -1
1 45.822968 -4.500000 6.451764 0.000000 0.000000 -1
1 49.635468 -3.750000 0.076764 0.000000 0.000000 -1
1 49.635468 -3.875000 2.764264 0.000000 0.000000 -1
1 16.635468 -6.781250 0.076764 0.000000 0.000000 -1
1 27.760468 -6.041667 0.201764 0.000000 0.000000 -1
1 45.885468 -4.625000 -0.048236 0.000000 0.000000 -1
1 2.718750 3.044588 -21.279922 0.000000 0.000000 -1
1 3.589290 -2.392911 -18.529922 0.000000 0.000000 -1
1 2.932704 -3.559578 -18.529922 0.000000 0.000000 -1
1 2.328327 -2.122078 -24.238256 0.000000 0.000000 -1
1 2.687500 0.023755 -24.404922 0.000000 0.000000 -1
1 2.406250 1.721672 -24.363256 0.000000 0.000000 -1
318
0.000000 0.966896 -0.255169
-0.572603 0.814333 -0.094802
0.000000 0.924974 -0.380031
-0.724724 0.687147 -0.051024
-0.000000 0.995964 -0.089751
-0.619581 0.783851 0.041193
-0.625794 0.776128 0.077510
-0.715554 0.691196 0.101149
-0.756845 0.650355 0.064995
-0.734013 0.664033 0.142429
-0.609533 0.792569 0.017427
-0.786814 0.580754 0.208921
-0.614897 0.777359 0.132720
-0.613776 0.780252 0.120354
-0.649586 0.746337 0.144978
-0.000000 0.999805 0.019751
-0.750904 0.658985 0.043375
0.000000 0.999660 -0.026063
-0.782828 0.620811 -0.042106
-0.997017 0.073713 -0.022879
-0.999499 -0.030040 0.009973
-0.951918 0.305968 0.015326
-0.957963 0.255368 -0.130747
-0.230077 -0.958673 -0.167362
-0.000000 -0.942342 -0.334652
-0.302518 -0.908927 -0.286940
0.000000 -0.994052 -0.108906
-0.756677 0.653569 0.016936
-0.549624 0.835133 -0.021606
-0.491493 0.861432 -0.127945
-0.628439 0.776376 0.048019
-0.873956 0.472760 0.112688
-0.670713 0.739532 0.056887
-0.656908 0.750122 0.076088
-0.907549 0.419946 0.000231
-0.654900 0.750785 -0.086186
-0.790694 0.605616 0.089622
-0.764827 0.643600 0.028604
-0.662723 0.721315 0.201254
-0.988413 -0.019402 0.150544
-0.786436 -0.614042 0.066872
-0.987498 -0.005351 0.157540
-0.572621 -0.778911 0.255739
-0.000000 -0.980799 0.195020
-0.451877 -0.889183 0.071837
-0.707319 0.393429 -0.587293
-0.963930 0.253753 0.080300
-0.877569 0.464493 -0.118824
-0.957178 0.240405 -0.161296
-0.942571 0.303515 0.139420
-0.356276 0.906654 0.225933
-0.468497 -0.814313 0.342645
-0.000000 -0.923246 0.384209
-0.831310 0.409484 0.375828
-0.987481 0.053799 0.148281
-0.989662 0.060435 0.130067
-0.984525 0.008257 0.175050
-0.646042 0.751587 0.133216
-0.958324 0.084064 0.273036
-0.701643 -0.618024 0.354604
-0.412339 0.910251 -0.037666
-0.405790 0.913942 -0.006580
-0.150892 0.953242 -0.261841
-0.017997 0.996288 -0.084186
-0.041579 0.998679 0.030192
-0.012717 0.981626 0.190391
-0.034147 0.998222 0.048846
-0.022129 0.998146 0.056694
-0.138725 0.986879 -0.082616
-0.037509 0.996586 0.073548
-0.132283 0.990676 -0.032585
-0.457885 -0.680258 -0.572355
-0.242598 -0.969943 0.018879
-0.452505 -0.891000 0.036869
-0.391440 -0.905255 0.165192
-0.102179 -0.952382 0.287275
-0.033692 -0.981634 0.187775
-0.042080 -0.998656 0.030258
0.007203 -0.976350 0.216078
0.034077 -0.981406 0.188895
0.936462 -0.082146 0.341016
-0.028587 -0.931933 -0.361501
-0.055480 -0.993807 -0.096274
-0.250800 -0.964332 -0.084637
-0.436159 0.874801 0.210923
-0.863163 0.500615 0.065838
0.250976 -0.956806 0.146743
-0.151987 -0.987080 -0.050735
-0.994863 0.101227 -0.000889
-0.992006 0.119241 0.041292
-0.987465 -0.005701 0.157733
-0.422638 -0.824440 0.376398
-0.482564 -0.784233 0.390013
-0.000000 -0.948216 0.317626
-0.272941 0.954386 0.121039
-0.501297 0.850751 0.157874
-0.514901 0.857237 -0.004675
-0.329858 0.934909 -0.130917
-0.000000 -0.794946 -0.606680
-0.415205 -0.887567 -0.199574
0.000000 -0.995203 0.097831
-0.340475 -0.939154 0.045464
-0.000000 -0.974452 0.224595
-0.174562 -0.912687 0.369500
-0.342456 -0.912361 -0.224325
0.051223 -0.982557 0.178766
-0.237538 -0.609055 0.756722
-0.467719 -0.796090 0.384031
0.000000 0.998363 -0.057203
-0.781899 0.617180 -0.087873
-0.979634 -0.183743 -0.080963
-0.661698 -0.681121 -0.313417
0.166763 0.985639 -0.026558
0.000000 -0.967604 -0.252473
-0.197970 -0.939396 -0.279898
-0.367660 -0.863894 -0.344259
-0.129611 -0.989914 -0.057186
-0.070708 -0.995975 -0.055090
-0.222754 0.831806 -0.508408
-0.056192 0.972659 -0.225337
-0.089054 0.995702 -0.025449
-0.075429 0.994738 0.069326
-0.141836 0.976129 0.164486
-0.094078 0.957287 0.273407
0.057412 0.991003 0.120899
0.038596 0.994032 0.102033
0.017087 0.983602 0.179539
0.014051 0.965021 -0.261795
-0.023901 0.857248 -0.514349
-0.022054 0.840480 -0.541394
0.007638 0.894210 -0.447582
-0.002918 0.982467 -0.186416
-0.010088 0.857449 -0.514470
-0.008882 0.986082 0.166022
0.015640 0.955323 0.295149
0.027204 0.992435 0.119718
-0.174058 0.885083 -0.431663
0.018731 0.998745 0.046453
0.011049 0.999160 0.039461
-0.118389 0.951581 0.283687
0.066581 -0.790076 -0.609382
-0.005456 -0.999847 -0.016615
0.057904 -0.996418 -0.061624
-0.066882 -0.995976 -0.059647
-0.073557 -0.996400 -0.042143
-0.063918 -0.996449 -0.054814
-0.090450 -0.994381 -0.055010
-0.074895 -0.985305 -0.153506
-0.144277 -0.988449 -0.046397
-0.229385 -0.961116 -0.153746
-0.228427 -0.972510 -0.045233
-0.027357 -0.999531 0.013783
0.077947 -0.996425 -0.032590
-0.091734 -0.995731 0.010263
-0.065895 -0.997198 0.035414
-0.078358 -0.996302 0.035246
-0.068365 -0.997463 0.019839
-0.181160 -0.983237 0.020650
-0.000000 0.969442 -0.245321
-0.904937 0.391115 -0.167682
-0.962642 -0.229276 -0.144060
-0.570858 -0.798699 -0.190268
0.000000 -0.985613 -0.169017
-0.000000 -0.944539 -0.328401
-0.841267 -0.469777 -0.267542
-0.973864 -0.002899 -0.227114
-0.673140 0.635024 -0.378981
-0.000000 0.919834 -0.392308
-0.000000 -0.022805 -0.999740
0.572603 0.814333 -0.094802
0.724724 0.687147 -0.051024
0.619581 0.783851 0.041193
0.625794 0.776128 0.077510
0.715554 0.691196 0.101149
0.756845 0.650355 0.064995
0.734013 0.664033 0.142429
0.609533 0.792569 0.017427
0.786814 0.580754 0.208921
0.614897 0.777359 0.132720
0.613776 0.780252 0.120354
0.649586 0.746337 0.144978
0.750904 0.658985 0.043375
0.782828 0.620811 -0.042106
0.997017 0.073713 -0.022879
0.999499 -0.030040 0.009973
0.957963 0.255368 -0.130747
0.951918 0.305968 0.015326
0.302518 -0.908927 -0.286940
0.230077 -0.958673 -0.167362
0.756677 0.653569 0.016936
0.549624 0.835133 -0.021606
0.491493 0.861432 -0.127945
0.628439 0.776376 0.048019
0.670713 0.739532 0.056887
0.873956 0.472760 0.112688
0.656908 0.750122 0.076088
0.790694 0.605616 0.089622
0.654900 0.750785 -0.086186
0.907549 0.419946 0.000231
0.764827 0.643600 0.028604
0.662723 0.721315 0.201254
0.988413 -0.019402 0.150544
0.786436 -0.614042 0.066872
0.987498 -0.005351 0.157540
0.572621 -0.778911 0.255739
0.451877 -0.889183 0.071837
0.707319 0.393429 -0.587293
0.877569 0.464493 -0.118824
0.963930 0.253753 0.080300
0.957178 0.240405 -0.161296
0.942571 0.303515 0.139420
0.356276 0.906654 0.225933
0.468497 -0.814313 0.342645
0.831310 0.409484 0.375828
0.987481 0.053799 0.148281
0.989662 0.060435 0.130067
0.984525 0.008257 0.175050
0.646042 0.751587 0.133216
0.958324 0.084064 0.273036
0.701643 -0.618024 0.354604
0.412339 0.910251 -0.037666
0.405790 0.913942 -0.006580
0.150892 0.953242 -0.261841
0.017997 0.996288 -0.084186
0.041579 0.998679 0.030192
0.012717 0.981626 0.190391
0.034147 0.998222 0.048846
0.022129 0.998146 0.056694
0.138725 0.986879 -0.082616
0.037509 0.996586 0.073548
0.132283 0.990676 -0.032585
0.457885 -0.680258 -0.572355
0.242598 -0.969943 0.018879
0.452505 -0.891000 0.036869
0.391440 -0.905255 0.165192
0.102179 -0.952382 0.287275
0.042080 -0.998656 0.030258
0.033692 -0.981634 0.187775
-0.007203 -0.976350 0.216078
-0.034077 -0.981406 0.188895
-0.936462 -0.082146 0.341016
0.028587 -0.931933 -0.361501
0.055480 -0.993807 -0.096274
0.250800 -0.964332 -0.084637
0.436159 0.874801 0.210923
0.863163 0.500615 0.065838
-0.250976 -0.956806 0.146743
0.151987 -0.987080 -0.050735
0.994863 0.101227 -0.000889
0.992006 0.119241 0.041292
0.987465 -0.005701 0.157733
0.422638 -0.824440 0.376398
0.482564 -0.784233 0.390013
0.501297 0.850751 0.157874
0.272941 0.954386 0.121039
0.514901 0.857237 -0.004675
0.329858 0.934909 -0.130917
0.415205 -0.887567 -0.199574
0.340475 -0.939154 0.045464
0.174562 -0.912687 0.369500
0.342456 -0.912361 -0.224325
-0.051223 -0.982557 0.178766
0.237538 -0.609055 0.756722
0.467719 -0.796090 0.384031
0.781899 0.617180 -0.087873
0.979634 -0.183743 -0.080963
0.661698 -0.681121 -0.313417
-0.166763 0.985639 -0.026558
0.197970 -0.939396 -0.279898
0.367660 -0.863894 -0.344259
0.129611 -0.989914 -0.057186
0.070708 -0.995975 -0.055090
0.222754 0.831806 -0.508408
0.056192 0.972659 -0.225337
0.089054 0.995702 -0.025449
0.075429 0.994738 0.069326
0.141836 0.976129 0.164486
0.094078 0.957287 0.273407
-0.057412 0.991003 0.120899
-0.038596 0.994032 0.102033
-0.017087 0.983602 0.179539
-0.014051 0.965021 -0.261795
0.023901 0.857248 -0.514349
0.022054 0.840480 -0.541394
0.002918 0.982467 -0.186416
-0.007638 0.894210 -0.447582
0.010088 0.857449 -0.514470
0.008882 0.986082 0.166022
-0.015640 0.955323 0.295149
-0.027204 0.992435 0.119718
0.174058 0.885083 -0.431663
-0.018731 0.998745 0.046453
-0.011049 0.999160 0.039461
0.118389 0.951581 0.283687
-0.066581 -0.790076 -0.609382
-0.057904 -0.996418 -0.061624
0.005456 -0.999847 -0.016615
0.073557 -0.996400 -0.042143
0.066882 -0.995976 -0.059647
0.063918 -0.996449 -0.054814
0.090450 -0.994381 -0.055010
0.144277 -0.988449 -0.046397
0.074895 -0.985305 -0.153506
0.229385 -0.961116 -0.153746
0.228427 -0.972510 -0.045233
0.027357 -0.999531 0.013783
-0.077947 -0.996425 -0.032590
0.091734 -0.995731 0.010263
0.065895 -0.997198 0.035414
0.078358 -0.996302 0.035246
0.068365 -0.997463 0.019839
0.181160 -0.983237 0.020650
0.904937 0.391115 -0.167682
0.962642 -0.229276 -0.144060
0.570858 -0.798699 -0.190268
0.841267 -0.469777 -0.267542
0.973864 -0.002899 -0.227114
0.673140 0.635024 -0.378981
368
1 0 1 2 0 1 2 1
1 3 4 2 3 4 2 1
1 1 3 2 1 3 2 1
1 1 5 3 1 5 3 1
1 6 4 3 6 4 3 1
1 3 7 6 3 7 6 1
1 3 8 7 3 8 7 1
1 8 3 5 8 3 5 1
1 9 7 8 9 7 8 1
1 8 10 9 8 10 9 1
1 10 11 9 10 11 9 1
1 11 12 9 12 12 9 1
1 9 12 7 9 13 7 1
1 12 6 7 14 6 7 1
1 13 1 0 15 1 0 1
1 1 13 14 1 15 16 1
1 14 5 1 16 5 1 1
1 15 14 13 17 16 15 1
1 14 15 16 16 17 18 1
1 14 16 17 16 18 19 1
1 17 18 14 19 20 16 1
1 19 17 20 21 19 22 1
1 17 19 18 19 21 20 1
1 21 22 23 23 24 25 1
1 22 21 24 24 23 26 1
1 5 14 25 5 16 27 1
1 25 8 5 27 8 5 1
1 25 10 8 27 10 8 1
1 10 25 26 10 27 28 1
1 26 11 10 28 29 10 1
1 11 26 27 30 28 30 1
1 28 29 27 31 32 32 1
1 28 27 26 31 33 28 1
1 30 31 32 34 35 36 1
1 29 30 32 37 34 37 1
1 30 29 28 34 38 31 1
1 30 28 33 34 31 39 1
1 33 34 30 39 40 34 1
1 34 33 35 40 39 41 1
1 36 37 34 42 43 40 1
1 37 38 34 43 44 40 1
1 32 31 39 45 35 45 1
1 40 41 39 46 47 47 1
1 40 39 31 46 48 35 1
1 42 40 31 49 46 35 1
1 31 43 42 35 50 49 1
1 38 37 44 44 43 51 1
1 45 44 37 52 51 43 1
1 41 40 46 53 46 53 1
1 40 42 46 46 49 54 1
1 42 47 46 49 55 55 1
1 42 48 47 49 56 56 1
1 48 42 43 57 49 50 1
1 43 44 48 50 51 58 1
1 44 45 48 51 52 59 1
1 49 50 51 60 60 60 1
1 49 51 52 61 61 61 1
1 53 50 49 62 62 62 1
1 49 54 53 63 64 63 1
1 49 52 54 65 65 64 1
1 52 55 54 66 66 64 1
1 55 56 54 67 67 64 1
1 31 53 54 35 68 64 1
1 43 54 56 50 64 69 1
1 54 43 31 64 50 35 1
1 31 30 53 35 34 70 1
1 30 34 53 34 40 71 1
1 34 38 53 40 44 72 1
1 51 50 57 73 73 73 1
1 52 51 57 74 74 74 1
1 55 52 57 75 75 75 1
1 55 57 58 76 76 77 1
1 56 55 58 78 78 77 1
1 44 56 58 51 79 77 1
1 56 44 43 80 51 50 1
1 58 57 50 77 81 81 1
1 58 50 53 77 82 82 1
1 58 53 38 77 83 44 1
1 38 44 58 44 51 77 1
1 35 59 60 84 85 84 1
1 60 61 35 86 87 86 1
1 14 18 59 16 20 85 1
1 59 25 14 85 27 16 1
1 59 35 25 85 88 27 1
1 35 28 25 89 31 27 1
1 25 28 26 27 31 28 1
1 35 33 28 90 39 31 1
1 35 36 34 91 42 40 1
1 36 35 62 42 92 93 1
1 37 36 62 43 42 93 1
1 18 19 59 20 21 85 1
1 63 60 59 94 95 85 1
1 64 63 59 96 94 85 1
1 64 59 19 96 85 21 1
1 19 20 64 21 22 96 1
1 65 64 20 97 96 22 1
1 23 22 66 25 24 98 1
1 23 66 67 25 98 99 1
1 68 67 66 100 99 98 1
1 67 68 69 99 100 101 1
1 68 70 69 100 102 101 1
1 70 71 69 102 103 101 1
1 23 67 69 25 99 101 1
1 69 61 23 101 87 25 1
1 69 60 61 101 104 87 1
1 69 71 60 101 103 105 1
1 35 60 71 106 106 103 1
1 71 62 35 103 93 107 1
1 71 70 62 103 102 93 1
1 72 73 15 108 109 17 1
1 73 16 15 109 18 17 1
1 73 17 16 109 19 18 1
1 73 74 17 109 110 19 1
1 74 20 17 110 22 19 1
1 75 65 20 111 97 22 1
1 65 75 76 97 111 112 1
1 74 75 20 110 111 22 1
1 77 24 21 113 26 23 1
1 21 75 77 23 111 113 1
1 78 75 21 114 111 23 1
1 78 76 75 114 115 111 1
1 79 78 21 116 114 23 1
1 79 21 23 116 23 25 1
1 23 61 79 25 87 116 1
1 61 60 79 87 117 116 1
1 80 81 76 118 119 118 1
1 65 76 81 97 120 119 1
1 81 82 65 119 121 97 1
1 64 65 82 96 97 121 1
1 63 64 82 94 96 121 1
1 82 83 63 121 122 94 1
1 60 63 83 123 94 123 1
1 83 84 85 124 125 124 1
1 83 82 84 126 121 125 1
1 82 81 84 121 119 125 1
1 86 84 81 127 125 119 1
1 87 86 81 128 127 119 1
1 81 80 87 119 129 129 1
1 87 88 89 130 130 131 1
1 86 87 89 127 132 131 1
1 84 86 89 125 127 131 1
1 84 89 90 125 131 133 1
1 84 90 91 125 133 134 1
1 91 85 84 135 135 125 1
1 92 89 88 136 131 136 1
1 89 92 93 131 137 137 1
1 93 90 89 138 133 131 1
1 93 91 90 139 139 133 1
1 76 78 80 140 114 140 1
1 94 80 78 141 142 114 1
1 78 79 94 114 116 141 1
1 80 94 95 143 141 144 1
1 95 87 80 144 145 145 1
1 95 88 87 144 146 146 1
1 88 95 96 147 144 148 1
1 96 92 88 148 149 149 1
1 96 93 92 148 150 150 1
1 60 83 94 151 151 141 1
1 94 79 60 141 116 152 1
1 83 85 94 153 153 141 1
1 95 94 85 144 141 154 1
1 96 95 85 148 144 155 1
1 85 91 96 156 156 148 1
1 91 93 96 157 157 148 1
1 73 72 97 109 108 158 1
1 73 97 98 109 158 159 1
1 73 98 99 109 159 160 1
1 74 73 99 110 109 160 1
1 75 74 99 111 110 160 1
1 75 99 100 111 160 161 1
1 75 100 101 111 161 162 1
1 101 77 75 162 113 111 1
1 102 101 100 163 162 161 1
1 103 102 100 164 163 161 1
1 103 100 99 164 161 160 1
1 103 99 98 164 160 159 1
1 104 103 98 165 164 159 1
1 98 105 104 159 166 165 1
1 105 98 97 166 159 158 1
1 106 105 97 167 166 158 1
1 105 106 107 166 167 168 1
1 107 104 105 168 165 166 1
1 103 104 107 164 165 168 1
1 102 103 107 163 164 168 1
1 2 108 0 2 169 0 1
1 2 4 109 2 4 170 1
1 2 109 108 2 170 169 1
1 109 110 108 170 171 169 1
1 109 4 111 170 4 172 1
1 111 112 109 172 173 170 1
1 112 113 109 173 174 170 1
1 110 109 113 171 170 174 1
1 113 112 114 174 173 175 1
1 114 115 113 175 176 174 1
1 114 11 115 175 177 176 1
1 114 12 11 175 178 178 1
1 112 12 114 173 179 175 1
1 112 111 12 173 172 180 1
1 0 108 13 0 169 15 1
1 116 13 108 181 15 169 1
1 108 110 116 169 171 181 1
1 13 116 15 15 181 17 1
1 117 15 116 182 17 181 1
1 118 117 116 183 182 181 1
1 116 119 118 181 184 183 1
1 120 118 121 185 183 186 1
1 119 121 118 184 186 183 1
1 122 22 123 187 24 188 1
1 24 123 22 26 188 24 1
1 124 116 110 189 181 171 1
1 110 113 124 171 174 189 1
1 113 115 124 174 176 189 1
1 125 124 115 190 189 176 1
1 115 11 125 176 191 190 1
1 27 125 11 192 190 192 1
1 27 29 126 193 193 194 1
1 125 27 126 190 195 194 1
1 32 127 128 196 197 198 1
1 32 128 29 199 198 199 1
1 126 29 128 194 200 198 1
1 129 126 128 201 194 198 1
1 128 130 129 198 202 201 1
1 131 129 130 203 201 202 1
1 130 37 132 202 43 204 1
1 130 133 37 202 205 43 1
1 39 127 32 206 197 206 1
1 39 41 134 207 207 208 1
1 127 39 134 197 209 208 1
1 127 134 135 197 208 210 1
1 135 136 127 210 211 197 1
1 137 37 133 212 43 205 1
1 37 137 45 43 212 52 1
1 46 134 41 213 208 213 1
1 46 135 134 214 210 208 1
1 46 47 135 215 215 210 1
1 47 48 135 216 216 210 1
1 136 135 48 211 210 217 1
1 48 137 136 218 212 211 1
1 48 45 137 219 52 212 1
1 138 139 140 220 220 220 1
1 141 138 140 221 221 221 1
1 140 139 142 222 222 222 1
1 142 143 140 223 224 223 1
1 143 141 140 224 225 225 1
1 143 144 141 224 226 226 1
1 143 145 144 224 227 227 1
1 143 142 127 224 228 197 1
1 145 143 136 229 224 211 1
1 127 136 143 197 211 224 1
1 142 128 127 230 198 197 1
1 142 130 128 231 202 198 1
1 142 133 130 232 205 202 1
1 146 139 138 233 233 233 1
1 146 138 141 234 234 234 1
1 146 141 144 235 235 235 1
1 147 146 144 236 237 237 1
1 147 144 145 236 238 238 1
1 147 145 137 236 239 212 1
1 136 137 145 211 212 240 1
1 139 146 147 241 241 236 1
1 142 139 147 242 242 236 1
1 133 142 147 205 243 236 1
1 147 137 133 236 212 205 1
1 148 149 131 244 245 244 1
1 131 150 148 246 247 246 1
1 149 119 116 245 184 181 1
1 116 124 149 181 189 245 1
1 124 131 149 189 248 245 1
1 124 126 131 189 194 249 1
1 125 126 124 190 194 189 1
1 126 129 131 194 201 250 1
1 130 132 131 202 204 251 1
1 62 131 132 93 252 204 1
1 62 132 37 93 204 43 1
1 149 121 119 245 186 184 1
1 149 148 151 245 253 254 1
1 149 151 152 245 254 255 1
1 121 149 152 186 245 255 1
1 152 120 121 255 185 186 1
1 120 152 153 185 255 256 1
1 66 22 122 98 24 187 1
1 154 66 122 257 98 187 1
1 66 154 68 98 257 100 1
1 155 68 154 258 100 257 1
1 155 70 68 258 102 100 1
1 155 156 70 258 259 102 1
1 155 154 122 258 257 187 1
1 122 150 155 187 247 258 1
1 150 148 155 247 260 258 1
1 148 156 155 261 259 258 1
1 156 148 131 259 262 262 1
1 131 62 156 263 93 259 1
1 62 70 156 93 102 259 1
1 15 157 72 17 264 108 1
1 15 117 157 17 182 264 1
1 117 118 157 182 183 264 1
1 118 158 157 183 265 264 1
1 118 120 158 183 185 265 1
1 120 153 159 185 256 266 1
1 160 159 153 267 266 256 1
1 120 159 158 185 266 265 1
1 123 24 77 188 26 113 1
1 77 159 123 113 266 188 1
1 123 159 161 188 266 268 1
1 159 160 161 266 269 268 1
1 123 161 162 188 268 270 1
1 122 123 162 187 188 270 1
1 162 150 122 270 247 187 1
1 162 148 150 270 271 247 1
1 160 163 164 272 273 272 1
1 163 160 153 273 274 256 1
1 153 165 163 256 275 273 1
1 165 153 152 275 256 255 1
1 165 152 151 275 255 254 1
1 151 166 165 254 276 275 1
1 166 151 148 277 254 277 1
1 167 168 166 278 279 278 1
1 168 165 166 279 275 280 1
1 168 163 165 279 273 275 1
1 163 168 169 273 279 281 1
1 163 169 170 273 281 282 1
1 170 164 163 283 283 273 1
1 171 172 170 284 285 285 1
1 171 170 169 284 286 281 1
1 171 169 168 284 281 279 1
1 173 171 168 287 284 279 1
1 174 173 168 288 287 279 1
1 168 167 174 279 289 289 1
1 172 171 175 290 284 290 1
1 176 175 171 291 291 284 1
1 171 173 176 284 287 292 1
1 173 174 176 287 293 293 1
1 164 161 160 294 268 294 1
1 161 164 177 268 295 296 1
1 177 162 161 296 270 268 1
1 178 177 164 297 296 298 1
1 164 170 178 299 299 297 1
1 170 172 178 300 300 297 1
1 179 178 172 301 297 302 1
1 172 175 179 303 303 301 1
1 175 176 179 304 304 301 1
1 177 166 148 296 305 305 1
1 148 162 177 306 270 296 1
1 177 167 166 296 307 307 1
1 167 177 178 308 296 297 1
1 167 178 179 309 297 301 1
1 179 174 167 301 310 310 1
1 179 176 174 301 311 311 1
1 97 72 157 158 108 264 1
1 180 97 157 312 158 264 1
1 181 180 157 313 312 264 1
1 181 157 158 313 264 265 1
1 181 158 159 313 265 266 1
1 182 181 159 314 313 266 1
1 101 182 159 162 314 266 1
1 159 77 101 266 113 162 1
1 182 101 102 314 162 163 1
1 182 102 183 314 163 315 1
1 181 182 183 313 314 315 1
1 180 181 183 312 313 315 1
1 180 183 184 312 315 316 1
1 184 185 180 316 317 312 1
1 97 180 185 158 312 317 1
1 97 185 106 158 317 167 1
1 107 106 185 168 167 317 1
1 185 184 107 317 316 168 1
1 107 184 183 168 316 315 1
1 107 183 102 168 315 163 1

Materials: 1
"foomaterial000"
0.000000 0.000000 0.000000 1.000000
1.000000 1.000000 1.000000 1.000000
0.000000 0.000000 0.000000 1.000000
0.000000 0.000000 0.000000 1.000000
0.000000
1.000000
""
""

Bones: 0
GroupComments: 0
MaterialComments: 0
BoneComments: 0
ModelComment: 0
